10
80

# Vertices
0.7071067811865476 0 0 0 0
-0.7071067811865476 0 0 0 0
0 0.7071067811865476 0 0 0
0 -0.7071067811865476 0 0 0
0 0 0.7071067811865476 0 0
0 0 -0.7071067811865476 0 0
0 0 0 0.7071067811865476 0
0 0 0 -0.7071067811865476 0
0 0 0 0 0.7071067811865476
0 0 0 0 -0.7071067811865476

# Faces
3 4 2 0
3 4 2 1
3 4 3 0
3 4 3 1
3 5 2 0
3 5 2 1
3 5 3 0
3 5 3 1
3 6 2 0
3 6 2 1
3 6 3 0
3 6 3 1
3 7 2 0
3 7 2 1
3 7 3 0
3 7 3 1
3 6 4 0
3 6 4 1
3 6 5 0
3 6 5 1
3 7 4 0
3 7 4 1
3 7 5 0
3 7 5 1
3 6 4 2
3 6 4 3
3 6 5 2
3 6 5 3
3 7 4 2
3 7 4 3
3 7 5 2
3 7 5 3
3 8 2 0
3 8 2 1
3 8 3 0
3 8 3 1
3 9 2 0
3 9 2 1
3 9 3 0
3 9 3 1
3 8 4 0
3 8 4 1
3 8 5 0
3 8 5 1
3 9 4 0
3 9 4 1
3 9 5 0
3 9 5 1
3 8 4 2
3 8 4 3
3 8 5 2
3 8 5 3
3 9 4 2
3 9 4 3
3 9 5 2
3 9 5 3
3 8 6 0
3 8 6 1
3 8 7 0
3 8 7 1
3 9 6 0
3 9 6 1
3 9 7 0
3 9 7 1
3 8 6 2
3 8 6 3
3 8 7 2
3 8 7 3
3 9 6 2
3 9 6 3
3 9 7 2
3 9 7 3
3 8 6 4
3 8 6 5
3 8 7 4
3 8 7 5
3 9 6 4
3 9 6 5
3 9 7 4
3 9 7 5

# Cells
4 24 16 8 0
4 24 17 9 1
4 25 16 10 2
4 25 17 11 3
4 26 18 8 4
4 26 19 9 5
4 27 18 10 6
4 27 19 11 7
4 28 20 12 0
4 28 21 13 1
4 29 20 14 2
4 29 21 15 3
4 30 22 12 4
4 30 23 13 5
4 31 22 14 6
4 31 23 15 7
4 48 40 32 0
4 48 41 33 1
4 49 40 34 2
4 49 41 35 3
4 50 42 32 4
4 50 43 33 5
4 51 42 34 6
4 51 43 35 7
4 52 44 36 0
4 52 45 37 1
4 53 44 38 2
4 53 45 39 3
4 54 46 36 4
4 54 47 37 5
4 55 46 38 6
4 55 47 39 7
4 64 56 32 8
4 64 57 33 9
4 65 56 34 10
4 65 57 35 11
4 66 58 32 12
4 66 59 33 13
4 67 58 34 14
4 67 59 35 15
4 68 60 36 8
4 68 61 37 9
4 69 60 38 10
4 69 61 39 11
4 70 62 36 12
4 70 63 37 13
4 71 62 38 14
4 71 63 39 15
4 72 56 40 16
4 72 57 41 17
4 73 56 42 18
4 73 57 43 19
4 74 58 40 20
4 74 59 41 21
4 75 58 42 22
4 75 59 43 23
4 76 60 44 16
4 76 61 45 17
4 77 60 46 18
4 77 61 47 19
4 78 62 44 20
4 78 63 45 21
4 79 62 46 22
4 79 63 47 23
4 72 64 48 24
4 72 65 49 25
4 73 64 50 26
4 73 65 51 27
4 74 66 48 28
4 74 67 49 29
4 75 66 50 30
4 75 67 51 31
4 76 68 52 24
4 76 69 53 25
4 77 68 54 26
4 77 69 55 27
4 78 70 52 28
4 78 71 53 29
4 79 70 54 30
4 79 71 55 31

# Tera
5 64 48 32 16 0
5 64 49 33 17 1
5 65 48 34 18 2
5 65 49 35 19 3
5 66 50 32 20 4
5 66 51 33 21 5
5 67 50 34 22 6
5 67 51 35 23 7
5 68 52 36 16 8
5 68 53 37 17 9
5 69 52 38 18 10
5 69 53 39 19 11
5 70 54 36 20 12
5 70 55 37 21 13
5 71 54 38 22 14
5 71 55 39 23 15
5 72 56 40 24 0
5 72 57 41 25 1
5 73 56 42 26 2
5 73 57 43 27 3
5 74 58 40 28 4
5 74 59 41 29 5
5 75 58 42 30 6
5 75 59 43 31 7
5 76 60 44 24 8
5 76 61 45 25 9
5 77 60 46 26 10
5 77 61 47 27 11
5 78 62 44 28 12
5 78 63 45 29 13
5 79 62 46 30 14
5 79 63 47 31 15
